A = [-24e5 24e5;
    9.4e6 2.7e6];

l1 = 5.7e6;
l2 = -5.22e6;

A-l1*eye(2)
A-l2*eye(2)